0, 0, 0.011932, 
1, 0, 0.081792, 
2, 0, 0.170306, 
3, 0, 0.351808, 
4, 0, 0.520593, 
5, 0, 0.692524, 
6, 0, 0.844715, 
7, 0, 0.973064, 
8, 0, 1.103066, 
9, 0, 1.234950, 
10, 0, 1.363051, 
11, 0, 1.499526, 
12, 0, 1.620824, 
13, 0, 1.743653, 
14, 0, 1.802582, 
15, 0, 1.858343, 
16, 0, 1.960684, 
17, 0, 2.121066, 
18, 0, 2.219518, 
19, 0, 2.317096, 
20, 0, 2.417277, 
21, 0, 2.513383, 
22, 0, 2.611753, 
23, 0, 2.707119, 
24, 0, 2.806364, 
25, 0, 2.901061, 
26, 0, 3.000426, 
27, 0, 3.197304, 
28, 0, 3.327219, 
29, 0, 3.425141, 
30, 0, 3.528021, 
31, 1, 3.628208, 185.000000, 88.500000, 3, 
32, 1, 3.727300, 185.500000, 88.500000, 4, 
33, 2, 3.826371, 185.111115, 118.055557, 3, 185.500000, 88.500000, 4, 
34, 2, 3.924367, 184.833328, 117.750000, 4, 185.974365, 88.230766, 6, 
35, 2, 4.022794, 184.481476, 117.555557, 4, 186.000000, 88.500000, 4, 
36, 3, 4.126144, 184.921570, 117.882355, 8, 186.000000, 88.500000, 4, 199.238098, 87.476189, 3, 
37, 2, 4.229272, 184.984131, 117.650795, 10, 186.199997, 88.333336, 5, 
38, 3, 4.331992, 186.476196, 119.238098, 3, 182.518524, 116.259262, 4, 185.787872, 88.363640, 5, 
39, 4, 4.430171, 186.476196, 119.238098, 3, 182.533340, 116.766670, 5, 148.074081, 116.481483, 4, 186.000000, 88.500000, 4, 
40, 4, 4.534899, 186.476196, 119.238098, 3, 181.333328, 116.757576, 5, 195.399994, 106.900002, 5, 186.199997, 88.333336, 5, 
41, 5, 4.634742, 186.272720, 119.333336, 5, 180.928574, 117.047623, 7, 148.500000, 116.250000, 8, 186.000000, 88.500000, 4, 206.000000, 84.222221, 3, 
42, 6, 4.734203, 186.051285, 119.128204, 6, 180.833328, 116.805557, 6, 148.305557, 116.361115, 6, 194.833328, 107.111115, 3, 185.740738, 88.518517, 4, 205.333328, 84.777779, 3, 
43, 5, 4.835798, 186.051285, 119.128204, 6, 180.238098, 116.428574, 7, 148.960785, 116.058823, 8, 195.312500, 106.812500, 8, 185.969696, 88.363640, 5, 
44, 6, 4.934799, 186.051285, 119.128204, 6, 180.555557, 116.577774, 7, 148.770828, 116.250000, 8, 196.199997, 105.866669, 5, 185.974365, 88.230766, 6, 206.111115, 84.611115, 3, 
45, 6, 5.042232, 186.296295, 119.185188, 4, 146.185181, 117.296295, 4, 180.000000, 116.261902, 7, 150.363632, 115.030304, 5, 186.166672, 88.194443, 6, 206.333328, 84.619049, 3, 
46, 5, 5.142488, 186.051285, 119.128204, 6, 180.000000, 116.261902, 7, 148.962967, 115.944443, 9, 186.199997, 88.333336, 5, 205.969696, 85.151512, 5, 
47, 5, 5.242421, 186.151520, 118.969696, 5, 180.000000, 116.261902, 7, 149.066666, 115.906670, 12, 185.740738, 88.518517, 4, 204.866669, 84.866669, 2, 
48, 6, 5.340551, 186.151520, 118.969696, 5, 179.296295, 116.129631, 9, 148.944443, 115.611115, 9, 195.515152, 106.818184, 5, 185.969696, 88.363640, 5, 204.888885, 85.333336, 3, 
49, 7, 5.442023, 146.500000, 117.500000, 4, 186.051285, 119.128204, 6, 178.282059, 116.333336, 6, 150.111115, 113.555557, 7, 195.699997, 106.566666, 5, 186.000000, 88.333336, 5, 204.809525, 86.333336, 3, 
50, 7, 5.541503, 146.500000, 117.500000, 4, 186.095245, 119.285713, 7, 177.833328, 116.083336, 6, 150.128204, 113.282051, 6, 195.481476, 106.666664, 4, 186.000000, 88.500000, 4, 205.133331, 87.466667, 2, 
51, 6, 5.641958, 147.037033, 117.703705, 4, 185.937500, 118.958336, 8, 177.717941, 115.974358, 6, 150.205124, 113.333336, 6, 195.238098, 106.857140, 3, 185.740738, 88.518517, 4, 
52, 7, 5.740947, 146.740738, 117.481483, 4, 186.051285, 119.128204, 6, 177.155548, 116.044441, 7, 150.500000, 113.000000, 4, 195.228073, 106.596489, 9, 186.259262, 88.518517, 4, 205.000000, 86.833336, 3, 
53, 7, 5.840950, 186.051285, 119.128204, 6, 146.761902, 117.523811, 3, 176.092590, 115.611115, 9, 150.194443, 113.166664, 6, 195.428574, 106.904762, 7, 186.000000, 88.333336, 5, 206.238098, 86.523811, 3, 
54, 7, 5.941416, 186.000000, 119.000000, 7, 146.600006, 117.699997, 5, 175.500000, 115.500000, 10, 150.083328, 113.166664, 6, 195.444443, 106.873016, 10, 186.199997, 88.333336, 5, 206.133331, 85.599998, 5, 
55, 7, 6.043853, 186.153839, 119.435898, 6, 146.500000, 117.500000, 4, 174.875000, 115.833336, 8, 149.928574, 112.285713, 7, 196.111115, 106.203705, 9, 185.974365, 88.230766, 6, 205.375000, 85.750000, 4, 
56, 8, 6.146092, 186.151520, 118.969696, 5, 146.500000, 117.500000, 4, 174.282059, 115.871796, 6, 150.071426, 111.714287, 7, 194.375000, 107.875000, 4, 197.625000, 104.708336, 4, 185.969696, 88.363640, 5, 204.500000, 86.000000, 3, 
57, 7, 6.249245, 146.814819, 117.703705, 4, 186.095245, 119.285713, 7, 173.333328, 115.500000, 6, 149.888885, 111.555557, 7, 196.190475, 106.206352, 10, 185.974365, 88.230766, 6, 204.266663, 86.066666, 2, 
58, 7, 6.352257, 186.128204, 119.025642, 6, 146.666672, 117.777779, 6, 172.215683, 115.254906, 8, 149.794876, 110.333336, 6, 196.202896, 106.130432, 11, 185.740738, 88.518517, 4, 202.625000, 87.250000, 4, 
59, 8, 6.451579, 146.500000, 117.500000, 4, 186.111115, 119.111115, 6, 171.833328, 115.083336, 6, 149.666672, 110.199997, 5, 194.333328, 107.848488, 5, 198.000000, 103.708336, 4, 185.974365, 88.230766, 6, 202.487183, 86.897438, 6, 
60, 8, 6.558184, 146.500000, 117.500000, 4, 186.051285, 119.128204, 6, 171.000000, 115.000000, 7, 150.051285, 110.282051, 6, 194.606064, 107.878784, 5, 198.380951, 103.904762, 3, 186.000000, 88.333336, 5, 201.875000, 87.375000, 4, 
61, 7, 6.657792, 186.044449, 119.155556, 7, 146.848480, 117.515152, 5, 170.515152, 115.393936, 5, 150.000000, 110.000000, 7, 194.848480, 107.606064, 5, 199.238098, 103.523811, 3, 185.969696, 88.363640, 5, 
62, 7, 6.760524, 146.969696, 117.636360, 5, 185.937500, 118.958336, 8, 169.611115, 115.388885, 6, 149.904755, 109.714287, 7, 194.500000, 107.833336, 6, 199.250000, 103.291664, 4, 185.787872, 88.363640, 5, 
63, 7, 6.861121, 186.051285, 119.128204, 6, 147.037033, 117.703705, 4, 167.944443, 115.277779, 6, 149.888885, 109.555557, 7, 194.871796, 107.743591, 6, 199.380951, 103.190475, 3, 185.787872, 88.363640, 5, 
64, 7, 6.961690, 147.000000, 117.500000, 4, 186.151520, 118.969696, 5, 166.627457, 115.039215, 8, 149.916672, 109.166664, 6, 194.500000, 107.833336, 6, 199.500000, 103.000000, 5, 186.000000, 88.500000, 4, 
65, 7, 7.065586, 146.399994, 117.666664, 5, 186.137253, 118.980392, 8, 164.500000, 115.000000, 8, 149.743591, 109.128204, 6, 194.755554, 107.955559, 7, 200.000000, 103.000000, 6, 186.000000, 88.333336, 5, 
66, 7, 7.167004, 146.416672, 117.638885, 6, 186.095245, 119.285713, 7, 163.333328, 115.500000, 6, 150.025635, 109.282051, 6, 194.761902, 107.714287, 7, 199.800003, 102.900002, 5, 185.974365, 88.230766, 6, 
67, 7, 7.269659, 186.000000, 119.238098, 7, 146.333328, 117.527779, 6, 161.151520, 116.181816, 5, 150.033340, 109.199997, 5, 194.755554, 107.955559, 7, 200.000000, 103.000000, 6, 185.740738, 88.518517, 4, 
68, 7, 7.369955, 186.044449, 119.155556, 7, 161.000000, 117.000000, 7, 146.666672, 117.500000, 6, 149.916672, 109.166664, 6, 194.761902, 107.714287, 7, 200.333328, 103.166664, 3, 186.166672, 88.194443, 6, 
69, 7, 7.472772, 186.250000, 119.375000, 8, 161.000000, 117.000000, 7, 146.592590, 117.333336, 4, 195.000000, 107.642860, 7, 149.955551, 108.844444, 7, 200.866669, 102.866669, 2, 185.969696, 88.363640, 5, 
70, 7, 7.572077, 186.051285, 119.128204, 6, 160.666672, 116.969696, 5, 146.755554, 117.777779, 7, 194.755554, 107.955559, 7, 149.871796, 108.410255, 6, 201.166672, 102.833336, 3, 185.787872, 88.363640, 5, 
71, 7, 7.672352, 186.051285, 119.128204, 6, 146.500000, 117.541664, 4, 161.155548, 116.955559, 7, 194.500000, 107.833336, 6, 149.888885, 107.555557, 7, 201.592590, 102.888885, 4, 185.740738, 88.518517, 4, 
72, 7, 7.772559, 186.051285, 119.128204, 6, 146.259262, 117.518517, 4, 161.000000, 117.000000, 7, 194.791672, 107.562500, 8, 149.564102, 106.974358, 6, 201.750000, 102.958336, 4, 186.199997, 88.333336, 5, 
73, 8, 7.872164, 147.000000, 117.500000, 4, 186.095245, 119.285713, 7, 160.833328, 117.166664, 6, 194.871796, 107.743591, 6, 149.095245, 107.000000, 7, 201.666672, 103.111115, 3, 185.740738, 88.518517, 4, 187.500000, 82.366669, 5, 
74, 8, 7.974028, 147.000000, 117.500000, 4, 185.977783, 118.844444, 7, 160.857147, 116.928574, 7, 194.871796, 107.743591, 6, 149.039215, 106.627449, 8, 202.500000, 103.500000, 3, 186.199997, 88.333336, 5, 187.000000, 82.000000, 5, 
75, 8, 8.080156, 146.575760, 117.666664, 5, 186.238098, 118.857140, 7, 161.000000, 117.000000, 5, 194.761902, 107.714287, 7, 149.250000, 106.375000, 8, 202.866669, 103.233330, 5, 186.000000, 88.500000, 4, 186.410263, 82.051285, 6, 
76, 8, 8.190366, 146.761902, 117.523811, 3, 186.151520, 118.969696, 5, 161.000000, 117.000000, 7, 194.761902, 107.714287, 7, 149.051285, 106.128204, 6, 202.814819, 103.407410, 4, 185.787872, 88.363640, 5, 184.333328, 80.939392, 5, 
77, 8, 8.288648, 146.800003, 117.666664, 5, 186.095245, 119.285713, 7, 161.166672, 117.083336, 6, 194.666672, 107.916664, 8, 149.071426, 106.285713, 7, 202.500000, 103.500000, 3, 186.037033, 88.296295, 4, 182.666672, 80.242424, 5, 
78, 8, 8.390870, 147.259262, 117.518517, 4, 186.175446, 118.771927, 9, 160.833328, 116.916664, 6, 194.666672, 107.916664, 8, 149.088882, 106.111115, 7, 203.000000, 103.500000, 4, 185.974365, 88.230766, 6, 180.500000, 79.500000, 6, 
79, 8, 8.490894, 146.500000, 117.500000, 4, 186.051285, 119.128204, 6, 161.025635, 116.897438, 6, 194.871796, 107.743591, 6, 149.117645, 106.215683, 8, 203.238098, 103.476189, 3, 186.000000, 88.333336, 5, 179.282059, 78.358971, 6, 
80, 8, 8.595263, 186.051285, 119.128204, 6, 161.000000, 117.000000, 7, 146.399994, 117.333336, 5, 194.755554, 107.955559, 7, 149.214279, 105.571426, 7, 203.199997, 103.133331, 5, 185.787872, 88.363640, 5, 176.800003, 77.300003, 5, 
81, 7, 8.697477, 185.928574, 118.714287, 7, 161.155548, 116.977776, 7, 146.666672, 117.500000, 6, 194.871796, 107.743591, 6, 148.666672, 104.871796, 6, 185.787872, 88.363640, 5, 175.128204, 76.487183, 6, 
82, 8, 8.798065, 186.095245, 119.285713, 7, 161.025635, 116.897438, 6, 146.717941, 117.641029, 6, 194.871796, 107.743591, 6, 203.733337, 102.533333, 2, 148.666672, 104.199997, 5, 185.974365, 88.230766, 6, 172.333328, 75.410255, 6, 
83, 8, 8.902720, 146.500000, 117.500000, 4, 186.000000, 119.238098, 7, 161.000000, 117.000000, 7, 194.761902, 107.714287, 7, 204.333328, 102.619049, 3, 148.871796, 104.282051, 6, 185.750000, 88.361115, 6, 169.500000, 74.250000, 8, 
84, 8, 9.003075, 186.044449, 119.377777, 7, 161.000000, 117.000000, 7, 147.000000, 117.500000, 6, 194.784317, 107.823532, 8, 204.500000, 102.500000, 3, 148.636368, 103.969696, 5, 185.740738, 88.518517, 4, 167.666672, 73.687500, 8, 
85, 8, 9.106901, 146.800003, 117.699997, 5, 186.051285, 119.128204, 6, 161.000000, 117.000000, 7, 194.871796, 107.743591, 6, 204.761902, 102.476189, 3, 148.805557, 104.166664, 6, 185.740738, 88.518517, 4, 164.666672, 72.333336, 6, 
86, 8, 9.210764, 186.051285, 119.128204, 6, 161.500000, 117.000000, 7, 146.666672, 117.515152, 5, 194.666672, 107.916664, 8, 205.476196, 102.238098, 3, 148.424240, 103.424240, 5, 185.974365, 88.230766, 6, 162.787872, 71.939392, 5, 
87, 8, 9.316821, 146.500000, 117.500000, 4, 185.977783, 118.844444, 7, 161.000000, 117.000000, 7, 194.755554, 107.955559, 7, 205.266663, 102.133331, 2, 148.431366, 103.372551, 8, 185.969696, 88.666664, 5, 160.974365, 71.871796, 6, 
88, 8, 9.420230, 186.051285, 119.128204, 6, 146.259262, 117.518517, 4, 161.155548, 116.977776, 7, 194.871796, 107.743591, 6, 205.500000, 102.458336, 4, 148.095245, 102.857140, 7, 186.199997, 88.333336, 5, 159.625000, 71.520836, 8, 
89, 8, 9.525211, 186.194443, 119.166664, 6, 161.000000, 117.000000, 7, 146.592590, 117.333336, 4, 194.871796, 107.743591, 6, 206.000000, 102.233330, 5, 148.111115, 102.444443, 7, 185.787872, 88.363640, 5, 159.155548, 71.044441, 7, 
90, 8, 9.626888, 186.151520, 118.969696, 5, 146.761902, 117.523811, 3, 161.550003, 116.866669, 10, 194.755554, 107.955559, 7, 205.933334, 101.599998, 2, 148.062500, 102.312500, 8, 186.000000, 88.500000, 4, 159.372543, 71.196075, 8, 
91, 8, 9.726831, 186.151520, 118.969696, 5, 161.212128, 116.969696, 5, 146.484848, 117.515152, 5, 194.871796, 107.743591, 6, 206.407410, 101.703705, 4, 148.060608, 102.212120, 5, 186.000000, 88.500000, 4, 159.000000, 71.000000, 7, 
92, 8, 9.829466, 146.787872, 117.636360, 5, 186.095245, 119.285713, 7, 161.155548, 116.977776, 7, 194.761902, 107.714287, 7, 207.407410, 101.703705, 4, 147.833328, 102.437500, 8, 186.000000, 88.333336, 5, 159.166672, 70.916664, 6, 
93, 8, 9.937930, 146.500000, 117.500000, 4, 185.977783, 118.844444, 7, 161.155548, 116.977776, 7, 194.871796, 107.743591, 6, 207.238098, 101.523811, 3, 147.738098, 102.000000, 7, 185.787872, 88.363640, 5, 157.761902, 70.571426, 7, 
94, 8, 10.039665, 146.592590, 117.703705, 4, 185.977783, 118.844444, 7, 161.166672, 116.888885, 6, 194.871796, 107.743591, 6, 207.333328, 101.733330, 5, 147.955551, 101.844444, 7, 185.787872, 88.363640, 5, 153.500000, 69.027779, 6, 
95, 8, 10.142952, 186.222229, 119.244446, 7, 147.037033, 117.703705, 4, 161.312500, 116.937500, 8, 194.761902, 107.714287, 7, 207.399994, 100.900002, 5, 147.857147, 101.785713, 7, 185.833328, 88.194443, 6, 150.844452, 67.955559, 7, 
96, 8, 10.243195, 186.083328, 118.833336, 6, 147.037033, 117.703705, 4, 161.312500, 116.937500, 8, 195.000000, 107.642860, 7, 206.800003, 100.800003, 5, 147.745102, 101.490196, 8, 186.000000, 88.500000, 4, 149.000000, 68.000000, 7, 
97, 8, 10.347249, 146.761902, 117.523811, 3, 186.151520, 118.969696, 5, 161.312500, 116.937500, 8, 194.755554, 107.955559, 7, 207.761902, 100.523811, 3, 147.500000, 100.785713, 7, 186.111115, 88.377777, 7, 144.833328, 67.083336, 6, 
98, 8, 10.462247, 146.761902, 117.523811, 3, 186.095245, 119.285713, 7, 161.285721, 116.928574, 7, 194.761902, 107.714287, 7, 207.962967, 100.703705, 4, 147.888885, 100.555557, 7, 186.212128, 88.363640, 5, 142.833328, 67.083336, 6, 
99, 8, 10.563274, 185.977783, 118.844444, 7, 161.358978, 116.794868, 6, 146.500000, 117.500000, 6, 194.871796, 107.743591, 6, 208.500000, 100.208336, 4, 147.644440, 99.422226, 7, 186.333328, 88.500000, 6, 139.000000, 66.000000, 7, 
100, 8, 10.662649, 186.095245, 119.285713, 7, 161.179489, 116.846153, 6, 146.592590, 117.333336, 4, 194.761902, 107.714287, 7, 208.500000, 100.000000, 4, 147.666672, 99.393936, 5, 185.787872, 88.363640, 5, 136.000000, 65.375000, 4, 
101, 8, 10.764897, 186.051285, 119.128204, 6, 161.285721, 116.928574, 7, 146.399994, 117.366669, 5, 194.666672, 107.916664, 8, 208.523804, 99.761902, 3, 147.666672, 99.199997, 5, 186.000000, 88.500000, 4, 134.166672, 64.916664, 6, 
102, 8, 10.865665, 146.740738, 117.481483, 4, 186.051285, 118.666664, 6, 160.848480, 116.727272, 5, 194.784317, 107.823532, 8, 209.000000, 99.500000, 3, 147.955551, 99.111115, 7, 185.787872, 88.363640, 5, 131.282059, 64.871796, 6, 
103, 8, 10.967884, 146.500000, 117.500000, 4, 186.051285, 119.128204, 6, 160.424240, 116.666664, 5, 194.701752, 107.701752, 9, 209.238098, 99.095238, 3, 147.937500, 98.687500, 8, 185.740738, 88.518517, 4, 129.833328, 65.083336, 6, 
104, 8, 11.072232, 186.500000, 119.500000, 8, 160.422226, 116.866669, 7, 146.399994, 117.333336, 5, 194.888885, 107.622223, 7, 209.814819, 99.074074, 4, 148.000000, 98.000000, 7, 185.787872, 88.363640, 5, 127.037041, 65.296295, 4, 
105, 8, 11.179037, 186.250000, 119.375000, 8, 160.047623, 116.833336, 7, 147.000000, 117.500000, 6, 194.761902, 107.714287, 7, 209.185181, 98.962959, 4, 148.000000, 98.000000, 7, 186.000000, 88.333336, 5, 123.333336, 65.242424, 5, 
106, 8, 11.291070, 186.051285, 118.666664, 6, 160.285721, 117.071426, 7, 146.755554, 117.777779, 7, 194.666672, 107.916664, 8, 210.238098, 98.095238, 3, 147.955551, 98.111115, 7, 185.787872, 88.363640, 5, 122.533333, 65.233330, 5, 
107, 8, 11.392192, 185.937500, 118.958336, 8, 160.000000, 117.095238, 7, 147.000000, 117.500000, 6, 194.871796, 107.743591, 6, 210.000000, 98.000000, 4, 148.044449, 97.888885, 7, 186.000000, 88.666664, 5, 120.000000, 65.500000, 4, 
108, 8, 11.495701, 146.592590, 117.703705, 4, 186.039215, 119.627449, 8, 159.888885, 117.044441, 7, 194.871796, 107.743591, 6, 210.333328, 97.500000, 6, 148.074081, 97.500000, 9, 185.977783, 88.377777, 7, 116.761902, 66.476189, 3, 
109, 8, 11.595472, 186.250000, 119.500000, 8, 160.190475, 117.166664, 7, 146.399994, 117.333336, 5, 194.901962, 107.490196, 8, 209.375000, 97.750000, 4, 148.111115, 97.155556, 7, 186.199997, 88.333336, 5, 114.666664, 66.948715, 6, 
110, 8, 11.697195, 146.583328, 117.638885, 6, 186.095245, 118.857140, 7, 160.128204, 117.051285, 6, 194.901962, 107.490196, 8, 209.666672, 97.393936, 5, 148.636368, 96.393936, 5, 185.787872, 88.363640, 5, 113.333336, 67.051285, 6, 
111, 8, 11.800964, 146.761902, 117.523811, 3, 186.020828, 119.000000, 8, 160.372543, 117.039215, 8, 194.784317, 107.823532, 8, 209.666672, 97.393936, 5, 148.194443, 96.166664, 6, 185.787872, 88.363640, 5, 111.199997, 67.199997, 5, 
112, 8, 11.905570, 186.044449, 119.377777, 7, 160.555557, 117.148148, 9, 146.399994, 117.333336, 5, 195.000000, 107.500000, 8, 209.851852, 97.185188, 4, 148.261902, 95.642860, 7, 186.393936, 88.363640, 5, 108.333336, 67.777779, 6, 
113, 8, 12.011154, 186.044449, 119.377777, 7, 146.500000, 117.500000, 4, 160.166672, 117.194443, 6, 194.761902, 107.714287, 7, 209.606064, 97.333336, 5, 148.133331, 95.155556, 7, 185.974365, 88.230766, 6, 106.199997, 67.666664, 5, 
114, 8, 12.112334, 185.955551, 119.111115, 7, 146.259262, 117.518517, 4, 159.717941, 117.128204, 6, 194.750000, 107.750000, 6, 209.722229, 96.888885, 3, 148.044449, 95.111115, 7, 185.969696, 88.363640, 5, 103.844444, 68.044441, 7, 
115, 8, 12.215107, 185.955551, 119.111115, 7, 160.111115, 116.955559, 7, 146.399994, 117.366669, 5, 194.666672, 107.916664, 8, 209.666672, 97.166664, 6, 148.888885, 95.555557, 7, 186.166672, 88.194443, 6, 99.666664, 68.194443, 6, 
116, 8, 12.315575, 186.166672, 119.333336, 8, 160.000000, 117.000000, 8, 146.666672, 117.500000, 6, 194.784317, 107.823532, 8, 209.733337, 96.800003, 5, 149.000000, 95.000000, 7, 185.787872, 88.363640, 5, 97.641029, 68.205132, 6, 
117, 8, 12.419334, 146.500000, 117.500000, 4, 186.151520, 118.969696, 5, 159.740738, 117.000000, 9, 194.875000, 107.854164, 8, 210.000000, 96.250000, 4, 149.000000, 94.500000, 8, 185.974365, 88.230766, 6, 94.000000, 68.500000, 4, 
118, 8, 12.523094, 146.969696, 117.636360, 5, 186.095245, 119.285713, 7, 159.888885, 117.044441, 7, 194.761902, 107.714287, 7, 210.000000, 96.000000, 4, 148.928574, 94.714287, 7, 185.740738, 88.518517, 4, 91.199997, 68.666664, 5, 
119, 8, 12.623413, 186.020828, 119.000000, 8, 159.888885, 117.044441, 7, 146.666672, 117.500000, 6, 194.761902, 107.714287, 7, 210.095245, 95.809525, 3, 148.960785, 94.372551, 8, 185.740738, 88.518517, 4, 89.740738, 68.518517, 4, 
120, 8, 12.729490, 186.095245, 119.285713, 7, 159.500000, 117.000000, 9, 146.666672, 117.527779, 6, 194.871796, 107.743591, 6, 210.424240, 95.666664, 5, 148.577774, 94.022224, 7, 185.974365, 88.230766, 6, 88.833336, 67.805557, 6, 
121, 8, 12.829979, 146.740738, 117.481483, 4, 186.020828, 119.000000, 8, 159.871796, 116.948715, 6, 194.784317, 107.823532, 8, 210.095245, 95.809525, 3, 148.388885, 93.555557, 9, 185.974365, 88.230766, 6, 87.500000, 67.027779, 6, 
122, 8, 12.932384, 186.095245, 119.285713, 7, 159.888885, 117.044441, 7, 146.606064, 117.333336, 5, 194.784317, 107.823532, 8, 210.148148, 95.814812, 4, 148.166672, 93.125000, 8, 186.416672, 88.444443, 6, 85.238098, 66.476189, 3, 
123, 8, 13.033117, 186.051285, 118.666664, 6, 160.000000, 116.904762, 7, 146.714279, 117.642860, 7, 194.666672, 107.916664, 8, 210.393936, 95.666664, 5, 148.142853, 92.809525, 7, 186.568634, 88.862747, 8, 84.424240, 66.333336, 5, 
124, 8, 13.136752, 186.095245, 119.285713, 7, 159.740738, 117.000000, 9, 146.592590, 117.333336, 4, 194.784317, 107.823532, 8, 210.250000, 95.625000, 4, 148.175446, 92.771927, 9, 186.166672, 88.194443, 6, 83.125000, 66.166664, 8, 
125, 8, 13.236714, 147.037033, 117.703705, 4, 185.977783, 118.844444, 7, 160.000000, 117.000000, 7, 194.888885, 107.622223, 7, 210.250000, 95.625000, 4, 148.083328, 91.833336, 6, 186.199997, 88.333336, 5, 81.372551, 65.666664, 8, 
126, 8, 13.339432, 186.095245, 119.285713, 7, 146.761902, 117.523811, 3, 159.888885, 117.044441, 7, 194.666672, 107.916664, 8, 210.600006, 95.266670, 5, 148.500000, 91.500000, 5, 185.787872, 88.363640, 5, 78.444443, 64.844444, 7, 
127, 8, 13.442506, 146.666672, 117.848488, 5, 186.051285, 118.666664, 6, 160.128204, 116.948715, 6, 194.761902, 107.714287, 7, 210.878784, 94.606064, 5, 148.128204, 91.282051, 6, 185.740738, 88.518517, 4, 74.444443, 64.355553, 7, 
128, 8, 13.544053, 146.820511, 117.743591, 6, 186.051285, 118.666664, 6, 160.238098, 117.000000, 7, 194.785721, 107.619049, 7, 210.424240, 94.666664, 5, 148.051285, 90.871796, 6, 186.000000, 88.333336, 5, 73.555557, 65.111115, 7, 
129, 8, 13.650461, 186.250000, 119.500000, 8, 160.238098, 117.000000, 7, 146.820511, 117.487183, 6, 194.761902, 107.714287, 7, 211.083328, 94.111115, 6, 147.960785, 90.627449, 8, 186.166672, 88.194443, 6, 71.333336, 65.805557, 6, 
130, 8, 13.751436, 146.814819, 117.703705, 4, 186.044449, 119.377777, 7, 160.111115, 117.044441, 7, 194.755554, 107.955559, 7, 210.787872, 94.393936, 5, 147.866669, 90.333336, 10, 185.974365, 88.230766, 6, 70.259262, 66.481483, 4, 
131, 8, 13.854174, 146.575760, 117.666664, 5, 186.051285, 119.128204, 6, 160.111115, 117.044441, 7, 194.784317, 107.823532, 8, 211.266663, 93.800003, 5, 147.928574, 90.285713, 7, 185.974365, 88.230766, 6, 69.416664, 66.916664, 6, 
132, 8, 13.955261, 146.500000, 117.500000, 4, 186.051285, 119.128204, 6, 160.166672, 117.111115, 6, 194.761902, 107.714287, 7, 211.148148, 93.814812, 4, 147.745102, 90.862747, 8, 185.974365, 88.230766, 6, 69.282051, 67.128204, 6, 
133, 8, 14.060327, 186.095245, 119.285713, 7, 160.166672, 117.194443, 6, 146.666672, 117.500000, 6, 194.875000, 107.854164, 8, 210.541672, 94.250000, 4, 147.888885, 90.844444, 7, 186.142853, 88.261902, 7, 68.155556, 66.977776, 7, 
134, 8, 14.167908, 146.259262, 117.518517, 4, 186.051285, 118.666664, 6, 160.111115, 117.044441, 7, 194.666672, 107.916664, 8, 211.000000, 93.500000, 5, 185.740738, 88.518517, 4, 147.977783, 90.155556, 7, 68.025642, 67.051285, 6, 
135, 8, 14.267719, 146.487183, 117.769234, 6, 186.020828, 119.000000, 8, 160.444443, 117.083336, 6, 194.784317, 107.823532, 8, 210.875000, 93.375000, 4, 148.071426, 90.285713, 7, 186.000000, 88.333336, 5, 68.555557, 67.355553, 7, 
136, 8, 14.368929, 185.948715, 118.871796, 6, 160.555557, 117.111115, 7, 146.800003, 117.333336, 5, 194.666672, 107.916664, 8, 211.000000, 93.500000, 5, 148.333328, 90.000000, 5, 186.205124, 88.461540, 6, 68.787880, 68.060608, 5, 
137, 8, 14.470682, 146.500000, 117.500000, 4, 186.111115, 118.844444, 7, 160.128204, 117.051285, 6, 194.761902, 107.714287, 7, 211.074081, 93.074074, 4, 186.259262, 88.518517, 4, 148.095245, 90.000000, 7, 69.111115, 68.644447, 7, 
138, 8, 14.573776, 186.151520, 118.969696, 5, 147.037033, 117.703705, 4, 160.111115, 117.044441, 7, 194.871796, 107.743591, 6, 211.303024, 92.878784, 5, 186.000000, 88.388885, 6, 148.407410, 89.185188, 4, 68.969696, 68.848488, 5, 
139, 8, 14.676028, 186.051285, 118.666664, 6, 160.111115, 117.044441, 7, 146.848480, 117.515152, 5, 194.784317, 107.823532, 8, 210.722229, 92.888885, 3, 185.969696, 88.363640, 5, 148.000000, 88.740738, 9, 69.438599, 68.666664, 9, 
140, 8, 14.778173, 186.000000, 119.238098, 7, 160.000000, 117.095238, 7, 146.333328, 117.500000, 6, 194.871796, 107.743591, 6, 210.875000, 92.375000, 4, 185.740738, 88.518517, 4, 148.000000, 88.500000, 8, 70.155556, 68.022224, 7, 
141, 8, 14.881061, 186.051285, 119.128204, 6, 146.761902, 117.523811, 3, 160.111115, 117.044441, 7, 194.761902, 107.714287, 7, 210.939392, 91.666664, 5, 186.000000, 88.333336, 5, 147.866669, 88.333336, 10, 71.037041, 67.555557, 9, 
142, 8, 14.988220, 185.977783, 118.844444, 7, 160.111115, 117.044441, 7, 146.592590, 117.333336, 4, 194.888885, 107.622223, 7, 211.030304, 91.848488, 5, 185.969696, 88.363640, 5, 148.051285, 88.128204, 6, 71.166664, 67.222221, 6, 
143, 8, 15.096741, 185.955551, 119.111115, 7, 146.761902, 117.523811, 3, 160.155548, 117.311111, 7, 194.875000, 107.854164, 8, 210.577774, 91.888885, 7, 185.969696, 88.363640, 5, 148.039215, 87.627449, 8, 70.666664, 67.060608, 5, 
144, 8, 15.213149, 186.051285, 119.128204, 6, 146.761902, 117.523811, 3, 159.901962, 117.196075, 8, 194.666672, 107.916664, 8, 210.738098, 91.523811, 7, 186.199997, 88.333336, 5, 147.974365, 87.589745, 6, 71.051285, 65.717949, 6, 
145, 8, 15.318035, 186.083328, 118.833336, 6, 146.600006, 117.666664, 5, 160.282059, 117.128204, 6, 194.666672, 107.916664, 8, 211.366669, 90.500000, 5, 186.000000, 88.500000, 4, 148.000000, 87.250000, 8, 70.844444, 65.111115, 7, 
146, 8, 15.419379, 186.020828, 119.000000, 8, 160.000000, 117.095238, 7, 146.592590, 117.333336, 4, 194.761902, 107.714287, 7, 211.179489, 90.564102, 6, 186.166672, 88.194443, 6, 148.000000, 87.250000, 8, 71.500000, 64.000000, 8, 
147, 8, 15.528229, 186.030304, 118.666664, 5, 160.416672, 117.083336, 8, 146.592590, 117.333336, 4, 194.755554, 107.955559, 7, 211.743591, 89.871796, 6, 186.000000, 88.333336, 5, 148.000000, 86.500000, 9, 72.000000, 63.000000, 7, 
148, 8, 15.628146, 146.500000, 117.500000, 4, 186.051285, 119.128204, 6, 160.155548, 117.111115, 7, 194.784317, 107.823532, 8, 211.777771, 89.583336, 6, 185.974365, 88.230766, 6, 147.955551, 86.111115, 7, 72.261902, 62.000000, 7, 
149, 8, 15.731938, 146.500000, 117.500000, 4, 185.977783, 118.844444, 7, 160.282059, 117.128204, 6, 194.666672, 107.916664, 8, 185.740738, 88.518517, 4, 212.060608, 89.333336, 5, 147.769226, 85.820511, 6, 72.456139, 60.666668, 9, 
150, 8, 15.836259, 186.151520, 118.969696, 5, 160.000000, 117.095238, 7, 146.606064, 117.333336, 5, 194.761902, 107.714287, 7, 186.000000, 88.500000, 4, 212.000000, 89.000000, 7, 147.904755, 85.000000, 7, 72.833336, 60.875000, 8, 
151, 8, 15.936751, 146.814819, 117.703705, 4, 186.051285, 118.666664, 6, 160.111115, 117.044441, 7, 194.857147, 107.857140, 7, 212.166672, 88.875000, 8, 186.166672, 88.194443, 6, 147.642853, 85.142860, 7, 72.974358, 61.871796, 6, 
152, 8, 16.040097, 186.250000, 119.375000, 8, 146.761902, 117.523811, 3, 160.000000, 117.000000, 8, 194.871796, 107.743591, 6, 186.000000, 88.500000, 4, 212.088882, 88.888885, 7, 147.750000, 85.000000, 8, 75.666664, 62.974358, 6, 
153, 8, 16.142499, 147.000000, 117.500000, 4, 185.937500, 118.958336, 8, 160.000000, 117.095238, 7, 194.761902, 107.714287, 7, 186.000000, 88.500000, 4, 211.666672, 88.916664, 6, 147.444443, 84.296295, 9, 77.111115, 63.422222, 7, 
154, 8, 16.251744, 186.000000, 119.000000, 6, 160.333328, 117.133331, 10, 146.592590, 117.333336, 4, 194.666672, 107.916664, 8, 211.939392, 88.242424, 5, 185.969696, 88.363640, 5, 147.355560, 84.111115, 7, 78.333336, 63.333332, 6, 
155, 8, 16.355107, 186.095245, 119.285713, 7, 146.761902, 117.523811, 3, 160.155548, 117.111115, 7, 194.755554, 107.955559, 7, 186.000000, 88.500000, 4, 211.644440, 88.111115, 7, 147.479172, 84.187500, 8, 79.031746, 63.126984, 10, 
156, 8, 16.456175, 146.259262, 117.518517, 4, 186.051285, 119.128204, 6, 160.041672, 117.062500, 8, 194.755554, 107.955559, 7, 185.740738, 88.518517, 4, 211.515152, 88.151512, 5, 146.777771, 83.888885, 7, 79.871796, 64.282051, 6, 
157, 8, 16.572540, 147.000000, 117.500000, 4, 185.977783, 118.844444, 7, 160.282059, 117.128204, 6, 194.784317, 107.823532, 8, 185.787872, 88.363640, 5, 211.000000, 88.000000, 7, 146.431366, 83.039215, 8, 80.577774, 64.111115, 7, 
158, 8, 16.673590, 186.062500, 118.958336, 8, 160.333328, 117.312500, 8, 147.000000, 117.500000, 7, 194.784317, 107.823532, 8, 185.974365, 88.230766, 6, 210.523804, 88.238098, 3, 146.500000, 83.000000, 8, 82.611115, 64.555557, 6, 
159, 8, 16.775479, 186.051285, 119.128204, 6, 160.285721, 117.357140, 7, 146.871796, 117.666664, 6, 194.666672, 107.916664, 8, 186.166672, 88.194443, 6, 210.500000, 88.000000, 4, 146.642853, 83.000000, 7, 83.155556, 64.444443, 7, 
160, 8, 16.876370, 186.000000, 119.000000, 7, 146.592590, 117.703705, 4, 160.111115, 117.148148, 9, 194.606064, 107.878784, 5, 185.740738, 88.518517, 4, 210.476196, 88.238098, 3, 146.333328, 82.666664, 6, 84.666664, 65.060608, 5, 
161, 8, 16.979369, 186.020828, 119.000000, 8, 160.238098, 117.000000, 7, 146.666672, 117.527779, 6, 194.873016, 107.698410, 10, 185.974365, 88.230766, 6, 210.380951, 87.761902, 3, 146.428574, 82.785713, 7, 87.185188, 66.037041, 4, 
162, 8, 17.093552, 186.000000, 119.000000, 6, 160.111115, 117.044441, 7, 146.848480, 117.515152, 5, 194.871796, 107.743591, 6, 185.969696, 88.363640, 5, 210.199997, 87.800003, 5, 146.259262, 82.666664, 9, 90.142860, 66.928574, 7, 
163, 8, 17.196315, 146.761902, 117.523811, 3, 186.051285, 119.128204, 6, 159.740738, 117.000000, 9, 194.871796, 107.743591, 6, 186.000000, 88.500000, 4, 210.051285, 87.666664, 6, 146.030304, 82.000000, 11, 93.687500, 68.250000, 8, 
164, 8, 19.821938, 186.020828, 119.000000, 8, 160.111115, 117.044441, 7, 146.848480, 117.515152, 5, 194.784317, 107.823532, 8, 185.974365, 88.230766, 6, 210.333328, 87.199997, 5, 145.614029, 81.807014, 9, 95.500000, 69.000000, 5, 
165, 8, 19.922434, 186.296295, 119.407410, 4, 146.500000, 117.500000, 4, 160.000000, 117.095238, 7, 194.761902, 107.714287, 7, 186.000000, 88.500000, 4, 142.282059, 78.871796, 6, 205.151520, 75.969696, 5, 136.388885, 59.722221, 9, 
166, 8, 20.029233, 186.151520, 118.969696, 5, 147.037033, 117.703705, 4, 160.238098, 117.142860, 7, 194.761902, 107.714287, 7, 186.000000, 88.500000, 4, 142.244446, 78.711113, 7, 204.500000, 74.666664, 6, 138.372543, 59.039215, 8, 
167, 8, 20.130114, 146.761902, 117.523811, 3, 186.051285, 119.128204, 6, 160.215683, 117.196075, 8, 194.871796, 107.743591, 6, 186.000000, 88.500000, 4, 142.142853, 78.785713, 7, 204.022217, 74.155556, 7, 140.285721, 58.928570, 7, 
168, 8, 20.233758, 186.151520, 118.969696, 5, 160.166672, 117.194443, 6, 146.592590, 117.333336, 4, 194.871796, 107.743591, 6, 186.000000, 88.333336, 5, 141.899994, 78.599998, 10, 203.642853, 73.857140, 7, 143.606064, 58.333332, 5, 
169, 8, 20.336779, 186.051285, 119.128204, 6, 146.761902, 117.523811, 3, 160.125000, 117.250000, 8, 194.761902, 107.714287, 7, 186.416672, 88.444443, 6, 141.666672, 78.051285, 6, 203.181824, 73.666664, 5, 146.666672, 57.948719, 6, 
170, 8, 20.437497, 146.814819, 117.703705, 4, 186.250000, 118.916664, 6, 160.000000, 117.095238, 7, 194.875000, 107.854164, 8, 185.740738, 88.518517, 4, 141.444443, 78.412697, 10, 203.333328, 74.128204, 6, 149.288895, 57.133335, 7, 
171, 8, 20.541063, 146.259262, 117.518517, 4, 186.051285, 119.128204, 6, 160.111115, 117.044441, 7, 194.500000, 107.833336, 6, 185.500000, 88.500000, 4, 141.711105, 78.155556, 7, 202.964905, 73.614037, 9, 152.000000, 56.000000, 7, 
172, 8, 20.640964, 186.095245, 119.285713, 7, 146.740738, 117.481483, 4, 160.111115, 117.044441, 7, 194.755554, 107.955559, 7, 186.199997, 88.333336, 5, 141.372543, 78.196075, 8, 202.937500, 73.687500, 8, 153.714279, 54.809525, 7, 
173, 8, 20.743140, 186.000000, 119.000000, 6, 146.761902, 117.523811, 3, 160.111115, 117.044441, 7, 194.761902, 107.714287, 7, 185.740738, 88.518517, 4, 141.500000, 78.203705, 9, 203.083328, 73.312500, 8, 153.487183, 54.743591, 6, 
174, 8, 20.844642, 186.051285, 119.128204, 6, 146.761902, 117.523811, 3, 160.333328, 117.175438, 9, 194.871796, 107.743591, 6, 185.814819, 88.296295, 4, 141.372543, 78.196075, 8, 203.044449, 73.155556, 7, 155.444443, 53.422222, 7, 
175, 8, 20.947406, 186.051285, 119.128204, 6, 146.500000, 117.500000, 4, 160.000000, 117.095238, 7, 194.750000, 107.750000, 6, 185.740738, 88.518517, 4, 140.155548, 78.022224, 7, 203.051285, 73.128204, 6, 159.000000, 50.642857, 7, 
176, 8, 21.048296, 146.740738, 117.481483, 4, 186.020828, 119.000000, 8, 160.215683, 117.333336, 8, 194.871796, 107.743591, 6, 185.740738, 88.518517, 4, 140.372543, 77.960785, 8, 203.111115, 72.844444, 7, 160.166672, 48.750000, 6, 
177, 8, 21.151426, 186.151520, 118.969696, 5, 146.761902, 117.523811, 3, 160.000000, 117.000000, 8, 194.871796, 107.743591, 6, 186.000000, 88.500000, 4, 139.901962, 78.019608, 8, 203.062500, 72.812500, 8, 160.666672, 47.754387, 9, 
178, 8, 21.254271, 186.051285, 119.128204, 6, 146.761902, 117.523811, 3, 160.380951, 117.214287, 7, 194.871796, 107.743591, 6, 186.000000, 88.500000, 4, 140.000000, 78.000000, 7, 202.333328, 71.800003, 5, 160.561401, 48.070175, 9, 
179, 8, 21.356662, 186.051285, 119.128204, 6, 146.761902, 117.523811, 3, 160.192978, 117.333336, 9, 194.871796, 107.743591, 6, 186.000000, 88.500000, 4, 139.844452, 77.866669, 7, 202.333328, 71.393936, 5, 163.333328, 47.025642, 6, 
180, 8, 21.459983, 186.151520, 118.969696, 5, 146.761902, 117.523811, 3, 160.128204, 117.051285, 6, 194.871796, 107.743591, 6, 186.000000, 88.500000, 4, 139.687500, 77.854164, 8, 201.871796, 71.179489, 6, 166.000000, 45.642857, 7, 
181, 8, 21.564241, 186.151520, 118.969696, 5, 146.761902, 117.523811, 3, 160.523804, 117.261902, 7, 194.871796, 107.743591, 6, 185.787872, 88.363640, 5, 139.111115, 77.955559, 7, 202.291672, 70.500000, 4, 166.393936, 45.121212, 5, 
182, 8, 21.669206, 186.095245, 119.285713, 7, 160.607849, 117.254906, 8, 146.399994, 117.333336, 5, 194.871796, 107.743591, 6, 186.000000, 88.333336, 5, 138.911118, 77.822220, 7, 201.952377, 69.857140, 7, 167.277771, 45.416668, 6, 
183, 8, 21.772055, 186.095245, 119.285713, 7, 146.259262, 117.518517, 4, 160.142853, 117.095238, 7, 194.871796, 107.743591, 6, 185.787872, 88.363640, 5, 138.333328, 77.824562, 9, 201.458328, 69.500000, 4, 168.509811, 45.725491, 8, 
184, 8, 21.873836, 186.000000, 119.000000, 7, 146.761902, 117.523811, 3, 160.259262, 117.000000, 9, 194.761902, 107.714287, 7, 186.166672, 88.194443, 6, 138.155548, 77.622223, 7, 201.022217, 69.155556, 7, 169.833328, 45.916668, 6, 
185, 8, 21.975603, 186.151520, 118.969696, 5, 146.761902, 117.523811, 3, 160.019608, 117.196075, 8, 194.871796, 107.743591, 6, 186.000000, 88.500000, 4, 138.155548, 77.888885, 7, 200.523804, 68.761902, 3, 170.055557, 44.777779, 9, 
186, 8, 22.077606, 146.761902, 117.523811, 3, 186.194443, 119.166664, 6, 160.000000, 117.000000, 8, 194.750000, 107.750000, 6, 186.000000, 88.500000, 4, 137.857147, 77.357140, 7, 200.476196, 68.238098, 3, 169.444443, 44.844444, 7, 
187, 8, 22.178446, 186.083328, 118.833336, 6, 146.761902, 117.523811, 3, 160.000000, 117.148148, 9, 194.871796, 107.743591, 6, 185.740738, 88.518517, 4, 138.137253, 77.254906, 8, 200.476196, 67.238098, 3, 169.717941, 44.102566, 6, 
188, 8, 22.279629, 186.051285, 119.128204, 6, 146.761902, 117.523811, 3, 160.098038, 117.196075, 8, 194.871796, 107.743591, 6, 185.740738, 88.518517, 4, 138.372543, 77.490196, 8, 200.481476, 66.740738, 4, 169.555557, 44.088890, 7, 
189, 8, 22.381687, 186.095245, 119.285713, 7, 146.500000, 117.500000, 4, 160.372543, 117.039215, 8, 194.755554, 107.955559, 7, 185.969696, 88.363640, 5, 138.377777, 77.288887, 7, 199.848480, 66.393936, 5, 169.785721, 43.571430, 7, 
190, 8, 22.482190, 147.199997, 117.666664, 5, 186.250000, 119.375000, 8, 160.111115, 117.044441, 7, 194.606064, 107.878784, 5, 186.000000, 88.500000, 4, 138.125000, 77.250000, 8, 199.518524, 66.259262, 4, 169.000000, 44.642857, 7, 
191, 8, 22.582977, 147.037033, 117.703705, 4, 186.000000, 119.000000, 6, 160.192978, 117.228073, 9, 194.871796, 107.743591, 6, 186.199997, 88.333336, 5, 137.844452, 77.022224, 7, 199.205124, 65.358971, 6, 168.500000, 45.074074, 9, 
192, 8, 22.686086, 186.051285, 119.128204, 6, 146.761902, 117.523811, 3, 160.215683, 117.196075, 8, 194.606064, 107.878784, 5, 185.761902, 88.476189, 3, 137.555557, 77.111115, 7, 198.703705, 65.037041, 4, 167.437500, 45.833332, 8, 
193, 8, 22.791442, 146.761902, 117.523811, 3, 186.051285, 119.128204, 6, 160.192978, 117.333336, 9, 194.871796, 107.743591, 6, 186.000000, 88.500000, 4, 137.625000, 77.187500, 8, 198.708328, 64.625000, 4, 166.431366, 46.039215, 8, 
194, 8, 22.893009, 186.194443, 119.166664, 6, 146.500000, 117.500000, 4, 159.962967, 117.222221, 9, 194.871796, 107.743591, 6, 185.761902, 88.476189, 3, 137.192978, 77.333336, 9, 197.805557, 63.833332, 6, 166.044449, 46.155556, 7, 
195, 8, 22.995454, 146.761902, 117.523811, 3, 186.095245, 119.285713, 7, 160.111115, 117.044441, 7, 194.871796, 107.743591, 6, 185.787872, 88.363640, 5, 136.944443, 77.583336, 6, 197.476196, 63.238094, 3, 166.062500, 46.312500, 8, 
196, 8, 23.099844, 186.000000, 119.000000, 7, 146.761902, 117.523811, 3, 160.111115, 117.388885, 9, 194.871796, 107.743591, 6, 185.740738, 88.518517, 4, 137.111115, 77.688889, 7, 197.051285, 63.128204, 6, 165.500000, 46.500000, 5, 
197, 8, 23.203511, 186.051285, 119.128204, 6, 146.761902, 117.523811, 3, 159.901962, 117.431374, 8, 194.871796, 107.743591, 6, 186.000000, 88.500000, 4, 136.936508, 77.650795, 10, 196.699997, 62.799999, 5, 164.854172, 48.312500, 8, 
198, 8, 23.304904, 186.194443, 119.166664, 6, 160.000000, 117.500000, 6, 146.399994, 117.333336, 5, 194.606064, 107.878784, 5, 186.000000, 88.333336, 5, 136.666672, 77.794868, 6, 196.708328, 63.250000, 4, 163.738098, 49.857143, 7, 
199, 8, 23.407183, 186.151520, 118.969696, 5, 146.761902, 117.523811, 3, 160.192978, 117.228073, 9, 194.871796, 107.487183, 6, 186.000000, 88.500000, 4, 136.393936, 77.636360, 5, 195.955551, 63.244446, 7, 163.166672, 52.095238, 7, 
