0, 0, 0.027752, 
1, 0, 0.148615, 
2, 0, 0.263052, 
3, 0, 0.463140, 
4, 0, 0.631973, 
5, 0, 0.790290, 
6, 0, 0.959990, 
7, 0, 1.128803, 
8, 0, 1.264753, 
9, 0, 1.430473, 
10, 0, 1.581848, 
11, 0, 1.730570, 
12, 0, 1.891848, 
13, 0, 2.041980, 
14, 0, 2.182213, 
15, 0, 2.321510, 
16, 0, 2.441518, 
17, 0, 2.585723, 
18, 0, 2.822800, 
19, 0, 2.988661, 
20, 0, 3.195796, 
21, 0, 3.421866, 
22, 0, 3.597447, 
23, 0, 3.756399, 
24, 0, 3.844541, 
25, 0, 4.004333, 
26, 0, 4.172453, 
27, 0, 4.332130, 
28, 0, 4.500420, 
29, 0, 4.662044, 
30, 0, 4.821553, 
31, 0, 4.988506, 
32, 0, 5.144027, 
33, 0, 5.304653, 
34, 1, 5.468518, 27.210526, 2.302632, 38, 
35, 1, 5.639715, 29.446503, 6.203018, 243, 
36, 1, 5.807984, 33.191196, 15.606854, 496, 
37, 1, 5.976734, 35.323170, 21.971544, 492, 
38, 1, 6.144011, 35.962166, 30.983299, 489, 
39, 2, 6.304132, 34.941956, 45.215206, 491, 133.559464, 5.228829, 185, 
40, 2, 6.471039, 33.811371, 50.200546, 489, 132.631577, 7.624136, 313, 
41, 2, 6.632344, 29.394524, 67.548683, 493, 128.621384, 21.164751, 478, 
42, 2, 6.799079, 26.606829, 77.968559, 493, 127.226028, 34.796078, 467, 
43, 2, 6.964703, 26.245008, 83.626396, 492, 127.898315, 42.988544, 465, 
44, 2, 7.126119, 27.714672, 89.165993, 493, 130.015076, 50.107285, 464, 
45, 2, 7.294755, 29.048399, 95.099861, 489, 131.869843, 57.207157, 461, 
46, 2, 7.460193, 30.264177, 102.184647, 482, 133.446579, 65.267097, 468, 
47, 2, 7.624857, 30.172712, 108.648361, 482, 133.856430, 72.812027, 465, 
48, 2, 7.792403, 30.132927, 116.596809, 491, 133.980728, 81.052818, 467, 
49, 2, 7.956838, 34.269695, 120.394951, 495, 138.564102, 87.272659, 461, 
50, 2, 8.118207, 45.702885, 119.777664, 497, 149.383331, 86.607246, 460, 
51, 2, 8.284757, 57.433300, 115.853500, 483, 160.562500, 81.478073, 456, 
52, 2, 8.448972, 59.671486, 107.989670, 484, 162.224884, 71.578239, 458, 
53, 2, 8.612734, 53.921570, 100.385506, 476, 156.126678, 62.823380, 460, 
54, 2, 8.776504, 48.854782, 89.603027, 474, 150.921219, 51.900436, 457, 
55, 2, 8.948855, 45.342159, 70.605225, 472, 147.659439, 33.599495, 461, 
56, 2, 9.110269, 40.828114, 59.749477, 479, 142.903992, 21.735189, 467, 
57, 2, 9.276155, 30.730482, 60.967415, 491, 132.974518, 21.616774, 471, 
58, 2, 9.432847, 20.717554, 70.993851, 488, 123.709885, 32.688984, 470, 
59, 2, 9.596897, 13.739796, 80.909187, 490, 117.449257, 44.010571, 473, 
60, 2, 9.757072, 13.566083, 84.079987, 485, 117.942184, 49.786579, 467, 
61, 2, 9.916926, 17.671482, 83.756790, 484, 122.685349, 51.785202, 464, 
62, 2, 10.070740, 22.858429, 85.398750, 481, 127.885963, 54.521931, 456, 
63, 2, 10.229333, 33.817150, 89.831612, 484, 138.370483, 59.032467, 462, 
64, 2, 10.401146, 45.971676, 93.246979, 482, 150.260147, 62.757610, 460, 
65, 2, 10.561139, 60.698643, 98.131042, 479, 164.828751, 67.481117, 454, 
66, 2, 10.720137, 70.644676, 101.864220, 477, 174.602158, 71.089249, 465, 
67, 2, 10.884813, 81.141068, 104.553749, 491, 184.763092, 73.822678, 461, 
68, 2, 11.045646, 93.623970, 108.996902, 484, 196.994598, 78.235420, 463, 
69, 2, 11.212749, 105.381294, 116.163757, 486, 208.681320, 85.884605, 466, 
70, 2, 11.381870, 118.425888, 123.800201, 488, 221.638199, 93.370087, 462, 
71, 2, 11.548927, 132.180374, 137.451096, 492, 235.405823, 106.801704, 469, 
72, 2, 11.725447, 135.899612, 152.619598, 481, 239.273544, 121.919800, 465, 
73, 2, 11.881205, 135.431580, 165.975525, 483, 239.083954, 135.918182, 468, 
74, 2, 12.047771, 130.960922, 179.397888, 490, 235.044464, 149.117493, 461, 
75, 2, 12.205545, 121.273201, 189.765732, 479, 225.784378, 159.930359, 471, 
76, 2, 12.368540, 108.697754, 191.756134, 482, 213.561630, 162.526260, 466, 
77, 2, 12.540781, 101.423866, 188.158508, 480, 205.921158, 158.481110, 454, 
78, 2, 12.708919, 92.663223, 174.985535, 484, 197.333328, 145.748474, 462, 
79, 2, 12.869176, 86.182716, 163.990433, 488, 190.909927, 134.367615, 457, 
80, 2, 13.028950, 79.307877, 153.659103, 484, 183.965912, 123.982063, 464, 
81, 2, 13.191149, 70.344612, 143.211960, 487, 174.961197, 113.185707, 459, 
82, 2, 13.350915, 62.363323, 136.038956, 483, 166.940216, 104.842392, 460, 
83, 2, 13.525617, 51.627350, 134.785294, 487, 156.593201, 103.434479, 451, 
84, 2, 13.686656, 40.390228, 136.005585, 477, 145.742233, 105.518799, 461, 
85, 2, 13.849419, 30.524691, 136.182434, 486, 136.133698, 105.993874, 462, 
86, 2, 14.013973, 22.509146, 135.189026, 492, 128.304749, 105.148392, 460, 
87, 2, 14.173979, 17.269024, 134.701340, 495, 123.226074, 104.634163, 461, 
88, 2, 14.336974, 11.791800, 133.837402, 471, 117.506767, 104.014954, 468, 
89, 2, 14.505580, 6.527116, 131.897491, 252, 107.917816, 102.936592, 470, 
90, 2, 14.669213, 3.347059, 130.394119, 85, 101.017982, 102.060768, 463, 
91, 1, 14.833201, 95.318130, 100.863556, 471, 
92, 1, 15.000533, 88.329086, 101.647202, 471, 
93, 1, 15.158184, 82.244301, 101.390312, 468, 
94, 1, 15.321579, 77.825851, 99.990387, 468, 
95, 1, 15.497101, 75.812851, 97.727402, 472, 
96, 1, 15.661562, 79.893448, 91.684303, 463, 
97, 1, 15.829516, 92.885391, 85.370209, 461, 
98, 2, 15.997618, 5.865616, 108.305557, 222, 107.240143, 84.110649, 477, 
99, 2, 16.161021, 10.281811, 109.631149, 427, 115.953400, 86.011383, 468, 
100, 2, 16.328962, 18.669058, 112.356560, 488, 125.630981, 88.547821, 467, 
101, 2, 16.531036, 28.980652, 116.539719, 491, 135.717758, 92.824577, 466, 
102, 2, 16.779373, 37.072418, 121.506264, 492, 143.781387, 97.571068, 462, 
103, 2, 16.953648, 44.705273, 126.313339, 483, 151.234787, 102.586594, 460, 
104, 2, 17.121331, 52.120701, 129.237900, 475, 158.572372, 105.533623, 456, 
105, 2, 17.286412, 59.311993, 138.021347, 492, 165.558609, 114.047668, 472, 
106, 2, 17.453343, 64.236420, 147.532532, 497, 170.314941, 123.444443, 462, 
107, 2, 17.617448, 68.581467, 158.066864, 491, 175.018402, 134.137802, 462, 
108, 2, 17.785508, 73.405121, 166.873947, 494, 179.831223, 143.462997, 473, 
109, 2, 17.953300, 79.238586, 175.932022, 485, 185.699936, 152.851929, 466, 
110, 2, 18.125525, 85.514740, 183.954559, 480, 192.153595, 161.664124, 459, 
111, 2, 18.289114, 90.669716, 192.626053, 492, 197.455246, 171.336823, 478, 
112, 2, 18.449330, 97.824432, 201.385010, 487, 204.670517, 180.756744, 475, 
113, 2, 18.613930, 99.609535, 212.264709, 493, 206.157318, 189.850082, 472, 
114, 2, 18.784960, 104.690163, 220.804901, 489, 210.746368, 196.985825, 470, 
115, 2, 18.953940, 119.916756, 222.840820, 478, 224.797928, 195.957077, 466, 
116, 2, 19.117637, 126.964409, 214.675476, 473, 231.013657, 184.869476, 463, 
117, 2, 19.278677, 129.223282, 199.708511, 474, 232.729599, 168.775253, 463, 
118, 2, 19.446628, 131.098785, 189.126160, 469, 234.318085, 157.079514, 459, 
119, 2, 19.613872, 128.648087, 179.137405, 475, 231.562775, 146.601364, 462, 
120, 2, 19.777315, 124.921234, 166.500702, 474, 227.903290, 133.565567, 455, 
121, 2, 19.942554, 122.643929, 154.493881, 476, 225.247345, 121.774971, 455, 
122, 2, 20.105870, 119.807961, 144.255112, 473, 222.263657, 110.778145, 454, 
123, 2, 20.270413, 115.358604, 136.165802, 481, 217.873306, 102.144211, 456, 
124, 2, 20.434003, 105.192856, 125.743103, 471, 207.617126, 90.927505, 457, 
125, 2, 20.606315, 93.182076, 115.620972, 470, 195.768921, 80.721298, 451, 
126, 2, 20.702384, 78.307579, 107.477470, 466, 181.184692, 72.365707, 453, 
127, 2, 20.870286, 72.098206, 106.847237, 473, 175.269958, 72.057289, 465, 
128, 2, 21.030078, 55.837456, 112.514435, 485, 160.240341, 80.248924, 466, 
129, 2, 21.193822, 48.165974, 124.284134, 481, 153.130966, 94.194473, 464, 
130, 2, 21.359229, 46.334007, 136.292511, 494, 152.021500, 107.794266, 465, 
131, 2, 21.521785, 49.238476, 148.699173, 502, 154.980209, 121.681511, 471, 
132, 2, 21.686474, 58.491138, 162.216980, 498, 164.070679, 135.853027, 474, 
133, 2, 21.854829, 68.456573, 170.042572, 485, 173.901901, 143.639450, 465, 
134, 2, 22.015135, 79.725365, 170.093292, 477, 184.551392, 142.794434, 467, 
135, 2, 22.169623, 91.120483, 162.445831, 480, 195.354996, 133.706757, 461, 
136, 2, 22.336980, 100.001053, 148.153305, 474, 203.793732, 118.103668, 463, 
137, 2, 22.497587, 106.045258, 129.362427, 464, 209.259918, 98.679276, 449, 
138, 2, 22.661754, 110.488174, 109.854477, 465, 213.137451, 78.246597, 453, 
139, 2, 22.822592, 113.172813, 97.086769, 461, 215.719315, 65.096947, 459, 
140, 2, 22.994228, 115.764427, 82.327202, 462, 218.036560, 49.765835, 460, 
141, 2, 23.161907, 114.803078, 67.885429, 465, 216.845306, 34.272953, 466, 
142, 2, 23.318141, 110.135574, 56.171726, 461, 211.964905, 21.784462, 465, 
143, 2, 23.486075, 103.795120, 47.041264, 464, 205.467804, 12.160586, 466, 
144, 2, 23.661611, 95.519745, 36.364285, 468, 196.955170, 6.137383, 230, 
145, 2, 23.826395, 88.336449, 28.507277, 481, 189.600830, 2.329218, 40, 
146, 1, 23.998009, 79.713493, 20.558100, 480, 
147, 1, 24.161310, 72.854103, 16.744852, 477, 
148, 1, 24.326761, 56.421776, 12.227978, 473, 
149, 1, 24.496533, 37.781265, 8.010962, 334, 
150, 1, 24.657723, 19.476048, 4.783433, 167, 
151, 0, 24.825312, 
152, 0, 24.986346, 
153, 0, 25.150344, 
154, 0, 25.312456, 
155, 0, 25.486125, 
156, 0, 25.647142, 
157, 0, 25.806148, 
158, 0, 26.003431, 
159, 0, 26.230435, 
160, 0, 26.398506, 
161, 0, 26.553862, 
162, 0, 26.718591, 
163, 0, 26.881340, 
164, 0, 27.046785, 
165, 0, 27.214656, 
166, 0, 27.370117, 
167, 0, 27.537703, 
168, 0, 27.702991, 
169, 0, 27.866833, 
170, 0, 28.026621, 
171, 0, 28.207061, 
172, 0, 28.367072, 
173, 0, 28.530347, 
174, 0, 28.714258, 
175, 0, 28.886951, 
176, 0, 29.056571, 
177, 0, 29.223399, 
178, 0, 29.383096, 
179, 0, 29.546571, 
180, 0, 29.720614, 
181, 0, 29.887414, 
182, 0, 30.043064, 
183, 0, 30.207205, 
184, 0, 30.359930, 
185, 0, 30.521924, 
186, 0, 30.682967, 
187, 0, 30.848013, 
188, 0, 31.003167, 
189, 0, 31.162634, 
190, 0, 31.318890, 
191, 0, 31.486822, 
192, 0, 31.647943, 
193, 0, 31.806984, 
194, 0, 31.962636, 
195, 0, 32.119175, 
196, 0, 32.275192, 
197, 0, 32.434730, 
198, 0, 32.607640, 
199, 0, 32.767591, 
